1 10
100 200
201 210
900 1000
721743 657288
275626 671613
139636 460552
901996 73264
343825 195450
585895 750662
243456 319518
2581 522060
1614 238817
747331 591299
179503 790197
352492 457322
226720 726571
314928 736895
817930 875802
592003 873723
289018 462516
907882 608011
340280 701662
219206 792906
278235 599654
339935 565861
424765 814598
237604 803330
877374 258604
602567 507512
435940 277698
109238 668990
247302 485729
689485 743670
987337 364131
601364 656137
667299 434488
489111 910082
884759 285821
251477 66664
367559 355325
620513 691096
277759 956295
388386 711272
199752 32773
884863 547611
357354 495769
890495 903251
546738 846871
550523 618219
844341 658836
290792 110654
392719 823632
662545 397924
522699 952275
473434 972197
834356 565723
69550 966327
915280 705935
562924 683714
736960 29617
172184 94303
883653 212528
975742 848911
312258 978069
182516 782714
196407 962941
667018 863609
219858 922818
412607 965802
881621 371160
883570 972033
790947 577551
269869 573716
885532 191593
351799 311118
72921 949079
946674 394057
923290 725407
377211 794945
705867 758478
560531 681312
129648 794055
655875 871423
768119 565165
447207 282790
106432 589250
786241 254512
214713 986520
263689 139971
854913 904972
661976 464573
310960 707035
930465 581474
871352 871837
578722 805591
116511 629726
639179 643277
577628 906756
174297 14520
984773 392021
586373 1511
657348 964797
406914 49253
235230 747441
357348 686050
840281 490600
725987 488440
728552 819933
551943 669475
857940 429681
217246 609067
99460 916089
921626 186061
575640 684951
749522 405384
593090 718524
5428 383377
291726 54258
159273 876092
544969 845413
748842 116715
722634 182934
34322 628662
317859 251514
205723 500738
636707 94892
728176 285687
631648 145104
533850 28602
824130 109179
419701 549752
197732 227374
295756 867651
717353 244722
475130 68598
187760 630324
797636 279865
674835 180872
192832 136733
158798 759160
211697 819435
185550 425827
465657 487588
737785 376347
317269 737134
561777 902112
253627 541392
632173 975872
614397 825925
371738 368334
966268 126159
765380 830160
328726 121338
684748 696830
53996 213460
649867 856018
747228 239237
314588 627806
435728 841747
94022 285068
406261 840084
613901 285427
272934 218839
775041 961840
918692 273683
751554 410782
740668 520881
752745 171568
878846 569878
343542 795919
380794 396889
328492 148125
17913 948547
758460 171341
644490 715991
301893 493008
911507 954502
681582 452160
214421 817710
475412 590106
446652 830488
535084 846220
675105 297550
856223 428092
299217 790808
73476 723833
900566 856844
496821 261883
247804 449474
223679 283963
502818 562808
916487 773060
865484 654100
86545 748474
553126 797053
877467 471265
576001 38765
431484 842868
81615 807014
496580 857568
2909 268301
122014 133123
99917 755823
16359 143919
429253 698542
177992 248621
350756 271396
111336 82545
993048 140160
934834 447121
177367 110249
937569 542338
305290 931462
837895 411140
264267 779272
821202 797187
264760 388033
347026 670083
91028 633217
952043 539041
695955 982809
679039 776739
601283 612129
992005 11887
788222 689658
457039 330456
263148 281550
209702 294058
553270 505070
437621 231602
856215 789515
375335 406685
27534 521279
693136 336301
266120 511009
827631 255175
457751 314090
360816 757132
195469 868589
814838 120387
224601 882532
300592 873994
698088 382884
905505 205758
765046 605421
161062 393443
13122 550438
840813 929618
684183 934478
112129 206828
390654 910886
292654 272532
